 Id  | RootAnimeId | AnimeId | IsMainLine | Order 
-----+-------------+---------+------------+-------
   1 |       30276 |   30276 | t          |     0
   1 |       30276 |   31704 | f          |     0
   1 |       30276 |   31772 | f          |     0
   1 |       30276 |   34134 | t          |     1
   1 |       30276 |   39652 | f          |     0
   1 |       30276 |   39705 | f          |     1
   1 |       30276 |   52807 | t          |     2
   1 |       30276 |   62653 | f          |     1
   1 |       30276 |   63193 | t          |     3
   2 |       31964 |   31964 | t          |     0
   2 |       31964 |   33486 | t          |     1
   2 |       31964 |   33929 | f          |     0
   2 |       31964 |   35262 | f          |     0
   2 |       31964 |   35459 | f          |     1
   2 |       31964 |   36456 | t          |     2
   2 |       31964 |   36896 | f          |     0
   2 |       31964 |   38408 | t          |     3
   2 |       31964 |   38699 | f          |     0
   2 |       31964 |   39565 | f          |     1
   2 |       31964 |   41587 | t          |     4
   2 |       31964 |   42603 | f          |     0
   2 |       31964 |   43683 | f          |     1
   2 |       31964 |   44200 | f          |     2
   2 |       31964 |   49918 | t          |     5
   2 |       31964 |   51781 | f          |     1
   2 |       31964 |   54789 | t          |     6
   2 |       31964 |   56196 | f          |     4
   2 |       31964 |   56685 | f          |     3
   2 |       31964 |   57519 | f          |     1
   2 |       31964 |   60098 | t          |     7
   2 |       31964 |   60593 | f          |     0
   2 |       31964 |   60645 | f          |     2
   2 |       31964 |   61942 | f          |     1
   2 |       31964 |   63130 | t          |     8
   2 |       31964 |   64107 | f          |     2
   3 |         356 |     356 | t          |     0
   3 |         356 |    6922 | t          |     1
   3 |         356 |    7559 | f          |     0
   3 |         356 |   10087 | t          |     2
   3 |         356 |   11741 | t          |     3
   3 |         356 |   12565 | f          |     1
   3 |         356 |   13183 | f          |     0
   3 |         356 |   13263 | f          |     0
   3 |         356 |   22297 | t          |     5
   3 |         356 |   25537 | t          |     7
   3 |         356 |   27821 | t          |     4
   3 |         356 |   28701 | t          |     6
   3 |         356 |   31389 | f          |     1
   3 |         356 |   33049 | t          |     8
   3 |         356 |   33050 | t          |     9
   3 |         356 |   37033 | f          |     0
   3 |         356 |   53127 | f          |     1
   3 |         356 |   55830 | f          |     0
   4 |          21 |      21 | t          |     0
   4 |          21 |     459 | f          |     0
   4 |          21 |     460 | f          |     1
   4 |          21 |     461 | f          |     2
   4 |          21 |     462 | f          |     4
   4 |          21 |     463 | f          |     5
   4 |          21 |     464 | f          |     7
   4 |          21 |     465 | f          |     8
   4 |          21 |     466 | f          |     0
   4 |          21 |    1094 | f          |     1
   4 |          21 |    1237 | f          |     2
   4 |          21 |    1238 | f          |     3
   4 |          21 |    2020 | f          |     4
   4 |          21 |    2107 | f          |     9
   4 |          21 |    2385 | f          |     0
   4 |          21 |    2386 | f          |     3
   4 |          21 |    2490 | f          |     6
   4 |          21 |    3848 | f          |    11
   4 |          21 |    4155 | f          |    12
   4 |          21 |    5252 | f          |     1
   4 |          21 |    8171 | f          |     2
   4 |          21 |    8740 | f          |     3
   4 |          21 |    9999 | f          |    13
   4 |          21 |   12001 | f          |    14
   4 |          21 |   12859 | f          |    15
   4 |          21 |   15323 | f          |     7
   4 |          21 |   16143 | f          |     0
   4 |          21 |   16239 | f          |     8
   4 |          21 |   16468 | f          |     0
   4 |          21 |   19123 | f          |     9
   4 |          21 |   25161 | f          |    10
   4 |          21 |   28683 | f          |     6
   4 |          21 |   31289 | f          |    11
   4 |          21 |   31490 | f          |    17
   4 |          21 |   32051 | f          |    13
   4 |          21 |   32437 | f          |    12
   4 |          21 |   33338 | f          |    14
   4 |          21 |   33606 | f          |     1
   4 |          21 |   36215 | f          |    15
   4 |          21 |   37902 | f          |    16
   4 |          21 |   38234 | f          |    19
   4 |          21 |   38419 | f          |    18
   4 |          21 |   50385 | f          |     1
   4 |          21 |   50410 | f          |    20
   4 |          21 |   50696 | f          |    17
   4 |          21 |   51162 | f          |     5
   4 |          21 |   52199 | f          |    18
   4 |          21 |   52921 | f          |    19
   4 |          21 |   53235 | f          |    20
   4 |          21 |   53878 | f          |    10
   4 |          21 |   53880 | f          |    16
   4 |          21 |   53890 | f          |    21
   4 |          21 |   55289 | f          |    22
   4 |          21 |   55647 | f          |    23
   4 |          21 |   57556 | f          |    24
   4 |          21 |   57557 | f          |     2
   4 |          21 |   58015 | f          |    25
   4 |          21 |   58663 | f          |    26
   4 |          21 |   59029 | f          |    27
   4 |          21 |   59596 | f          |    28
   4 |          21 |   59908 | f          |    29
   4 |          21 |   60022 | f          |    30
   4 |          21 |   60108 | f          |     0
   4 |          21 |   60790 | f          |    21
   4 |          21 |   61393 | f          |    31
   4 |          21 |   61674 | f          |    32
   4 |          21 |   61892 | f          |    33
   4 |          21 |   62233 | f          |    37
   4 |          21 |   62394 | f          |    34
   4 |          21 |   62593 | f          |    35
   4 |          21 |   62969 | f          |    36
   5 |       31043 |   31043 | t          |     0
   5 |       31043 |   35815 | f          |     0
   6 |       39535 |   39535 | t          |     0
   6 |       39535 |   45576 | t          |     1
   6 |       39535 |   50360 | f          |     0
   6 |       39535 |   51179 | t          |     3
   6 |       39535 |   55818 | t          |     2
   6 |       39535 |   55888 | t          |     4
   6 |       39535 |   59193 | t          |     5
   7 |       40911 |   40911 | t          |     0
   7 |       40911 |   43325 | t          |     1
   7 |       40911 |   49733 | f          |     0
   8 |       60371 |   60371 | t          |     0
   8 |       60371 |   63832 | t          |     1
   9 |       52034 |   52034 | t          |     0
   9 |       52034 |   55791 | t          |     1
   9 |       52034 |   60058 | t          |     2
   9 |       52034 |   63794 | t          |     3
  10 |       16498 |   16498 | t          |     0
  10 |       16498 |   18397 | f          |     0
  10 |       16498 |   19285 | f          |     0
  10 |       16498 |   19391 | f          |     0
  10 |       16498 |   23775 | f          |     0
  10 |       16498 |   23777 | f          |     1
  10 |       16498 |   25777 | t          |     1
  10 |       16498 |   25781 | f          |     1
  10 |       16498 |   31374 | f          |     0
  10 |       16498 |   35760 | t          |     2
  10 |       16498 |   36106 | f          |     2
  10 |       16498 |   36702 | f          |     2
  10 |       16498 |   38524 | t          |     3
  10 |       16498 |   39477 | f          |     1
  10 |       16498 |   40028 | t          |     4
  10 |       16498 |   42091 | f          |     3
  10 |       16498 |   48583 | t          |     5
  10 |       16498 |   49627 | f          |     2
  10 |       16498 |   51535 | t          |     6
  10 |       16498 |   59571 | f          |     4
  11 |         918 |     918 | t          |     0
  11 |         918 |    2951 | f          |     0
  11 |         918 |    6945 | f          |     1
  11 |         918 |    7472 | f          |     0
  11 |         918 |    9969 | t          |     1
  11 |         918 |   10643 | f          |     2
  11 |         918 |   15335 | f          |     2
  11 |         918 |   15417 | t          |     2
  11 |         918 |   21899 | f          |     1
  11 |         918 |   25313 | f          |     3
  11 |         918 |   28977 | t          |     3
  11 |         918 |   32122 | f          |     4
  11 |         918 |   32366 | f          |     0
  11 |         918 |   34096 | t          |     4
  11 |         918 |   35843 | t          |     5
  11 |         918 |   36838 | t          |     6
  11 |         918 |   37491 | t          |     7
  11 |         918 |   39486 | t          |     8
  11 |         918 |   44087 | f          |     5
  11 |         918 |   54757 | f          |     0
  11 |         918 |   56544 | f          |     3
  11 |         918 |   58091 | f          |     4
  11 |         918 |   59688 | f          |     5
  11 |         918 |   62277 | f          |     6
  12 |       31240 |   31240 | t          |     0
  12 |       31240 |   33142 | f          |     0
  12 |       31240 |   33569 | f          |     0
  12 |       31240 |   36286 | f          |     0
  12 |       31240 |   38414 | t          |     1
  12 |       31240 |   39587 | t          |     2
  12 |       31240 |   42203 | t          |     3
  12 |       31240 |   42364 | f          |     1
  12 |       31240 |   54857 | t          |     4
  12 |       31240 |   60012 | f          |     2
  12 |       31240 |   61316 | t          |     5
  12 |       31240 |   63830 | f          |     3
  13 |       59711 |   59711 | t          |     0
  13 |       59711 |   63819 | t          |     1
  14 |       37430 |   37430 | t          |     0
  14 |       37430 |   38793 | f          |     0
  14 |       37430 |   39551 | t          |     1
  14 |       37430 |   39607 | f          |     0
  14 |       37430 |   41487 | t          |     2
  14 |       37430 |   41488 | f          |     0
  14 |       37430 |   45753 | f          |     1
  14 |       37430 |   49318 | f          |     2
  14 |       37430 |   49877 | f          |     0
  14 |       37430 |   53580 | t          |     3
  14 |       37430 |   54565 | f          |     0
  14 |       37430 |   58592 | f          |     3
  14 |       37430 |   59493 | f          |     4
  14 |       37430 |   59970 | t          |     4
  14 |       37430 |   59971 | f          |     1
  14 |       37430 |   63129 | t          |     5
  15 |       10620 |    8460 | f          |     0
  15 |       10620 |   10620 | t          |     0
  15 |       10620 |   12503 | f          |     0
  15 |       10620 |   16762 | t          |     1
  16 |         287 |     287 | t          |     0
  16 |         287 |     551 | t          |     1
  16 |         287 |    1859 | f          |     0
  16 |         287 |   33566 | t          |     2
  16 |         287 |   34443 | t          |     3
  16 |         287 |   39555 | t          |     4
  16 |         287 |   42940 | t          |     5
  16 |         287 |   51318 | t          |     6
  16 |         287 |   58573 | t          |     7
  17 |          20 |      20 | t          |     0
  17 |          20 |     442 | f          |     0
  17 |          20 |     594 | f          |     1
  17 |          20 |     761 | f          |     0
  17 |          20 |     936 | f          |     1
  17 |          20 |    1074 | f          |     0
  17 |          20 |    1735 | t          |     1
  17 |          20 |    2144 | f          |     2
  17 |          20 |    2248 | f          |     2
  17 |          20 |    2472 | f          |     3
  17 |          20 |    4437 | f          |     4
  17 |          20 |    6325 | f          |     5
  17 |          20 |    7367 | f          |     3
  17 |          20 |    8246 | f          |     6
  17 |          20 |   10589 | f          |     7
  17 |          20 |   12979 | f          |     0
  17 |          20 |   13667 | f          |     8
  17 |          20 |   16870 | f          |     9
  17 |          20 |   28755 | t          |     2
  17 |          20 |   32365 | f          |     4
  17 |          20 |   34566 | t          |     3
  17 |          20 |   35072 | f          |     5
  17 |          20 |   54687 | t          |     4
  18 |         269 |     269 | t          |     0
  18 |         269 |     762 | f          |     0
  18 |         269 |     834 | f          |     3
  18 |         269 |    1686 | f          |     0
  18 |         269 |    2889 | f          |     1
  18 |         269 |    4835 | f          |     2
  18 |         269 |    8247 | f          |     3
  18 |         269 |   35118 | f          |     0
  18 |         269 |   38810 | f          |     1
  18 |         269 |   41467 | t          |     1
  18 |         269 |   53998 | t          |     2
  18 |         269 |   54171 | f          |     2
  18 |         269 |   56442 | f          |     0
  18 |         269 |   56784 | t          |     3
  18 |         269 |   60636 | t          |     4
  19 |       32615 |   32615 | t          |     0
  19 |       32615 |   34904 | f          |     0
  19 |       32615 |   37055 | t          |     1
  19 |       32615 |   49233 | t          |     3
  19 |       32615 |   49236 | t          |     2
  20 |        2001 |    2001 | t          |     0
  20 |        2001 |    3352 | f          |     0
  20 |        2001 |    4107 | f          |     0
  20 |        2001 |    4565 | f          |     1
  20 |        2001 |    5947 | f          |     1
  20 |        2001 |   10622 | f          |     0
  21 |       44511 |   44511 | t          |     0
  21 |       44511 |   57555 | t          |     1
  21 |       44511 |   62352 | f          |     0
  21 |       44511 |   63143 | t          |     2
  22 |       50346 |   50346 | t          |     0
  22 |       50346 |   58390 | t          |     1
  23 |       58929 |      43 | f          |     0
  23 |       58929 |     468 | f          |     1
  23 |       58929 |    4672 | f          |     2
  23 |       58929 |   58929 | t          |     0
  24 |       44074 |   44074 | t          |     0
  24 |       44074 |   49200 | f          |     0
  24 |       44074 |   49413 | t          |     1
  24 |       44074 |   56752 | f          |     1
  24 |       44074 |   61607 | t          |     2
  25 |       46471 |   46471 | t          |     0
  25 |       46471 |   52480 | t          |     1
  26 |        9253 |    9253 | t          |     0
  26 |        9253 |   10863 | f          |     0
  26 |        9253 |   11577 | t          |     1
  26 |        9253 |   30484 | f          |     0
  26 |        9253 |   32188 | f          |     0
  26 |        9253 |   37492 | f          |     1
  27 |          80 |      80 | t          |     0
  27 |          80 |      81 | f          |     0
  27 |          80 |      82 | t          |     1
  27 |          80 |      84 | t          |     2
  27 |          80 |    8287 | f          |     0
  27 |          80 |   10937 | f          |     1
  27 |          80 |   19319 | f          |     1
  27 |          80 |   24371 | f          |     1
  27 |          80 |   27907 | f          |     0
  27 |          80 |   31251 | f          |     2
  27 |          80 |   35567 | f          |     0
  27 |          80 |   35982 | f          |     1
  27 |          80 |   49827 | f          |     0
  27 |          80 |   49828 | f          |     3
  27 |          80 |   54902 | f          |     2
  27 |          80 |   55845 | f          |     3
  27 |          80 |   60449 | f          |     4
  27 |          80 |   61295 | f          |     1
  28 |       34599 |   34599 | t          |     0
  28 |       34599 |   36862 | t          |     1
  28 |       34599 |   37514 | f          |     0
  28 |       34599 |   37515 | f          |     1
  28 |       34599 |   40897 | f          |     2
  28 |       34599 |   41084 | t          |     2
  28 |       34599 |   54250 | t          |     3
  29 |       38000 |   38000 | t          |     0
  29 |       38000 |   40456 | t          |     1
  29 |       38000 |   47778 | t          |     3
  29 |       38000 |   49926 | t          |     2
  29 |       38000 |   51019 | t          |     4
  29 |       38000 |   55701 | t          |     5
  29 |       38000 |   59192 | t          |     6
  29 |       38000 |   62546 | t          |     7
  29 |       38000 |   62547 | t          |     8
  30 |       59205 |   59205 | t          |     0
  30 |       59205 |   62513 | t          |     1
  31 |       50739 |   50739 | t          |     0
  31 |       50739 |   56876 | t          |     1
  32 |         226 |     226 | t          |     0
  32 |         226 |     376 | f          |     0
  33 |       57181 |   57181 | t          |     0
  33 |       57181 |   61323 | t          |     1
  34 |       38671 |   38671 | t          |     0
  34 |       38671 |   40956 | t          |     1
  34 |       38671 |   51818 | t          |     2
  34 |       38671 |   59229 | t          |     3
  35 |       58939 |   58939 | t          |     0
  35 |       58939 |   60285 | t          |     1
  35 |       58939 |   63139 | t          |     2
  36 |        5962 |    5962 | t          |     0
  36 |        5962 |    8245 | f          |     0
  36 |        5962 |    8410 | t          |     1
  36 |        5962 |   10370 | t          |     2
  36 |        5962 |   13231 | t          |     3
  36 |        5962 |   21479 | f          |     0
  37 |        6880 |    6880 | t          |     0
  37 |        6880 |   10418 | f          |     0
  38 |       12445 |   12445 | t          |     0
  38 |       12445 |   14189 | f          |     0
  39 |       11771 |   11771 | t          |     0
  39 |       11771 |   16894 | t          |     1
  39 |       11771 |   16916 | f          |     1
  39 |       11771 |   17259 | f          |     0
  39 |       11771 |   19669 | f          |     0
  39 |       11771 |   22125 | f          |     2
  39 |       11771 |   24415 | t          |     2
  39 |       11771 |   29583 | f          |     3
  39 |       11771 |   31051 | f          |     4
  39 |       11771 |   31658 | t          |     3
  39 |       11771 |   32869 | f          |     0
  39 |       11771 |   32870 | f          |     1
  39 |       11771 |   32871 | f          |     2
  39 |       11771 |   34784 | f          |     5
  40 |       12031 |   12031 | t          |     0
  40 |       12031 |   17389 | t          |     1
  40 |       12031 |   40682 | t          |     2
  40 |       12031 |   50160 | t          |     3
  40 |       12031 |   53223 | t          |     4
  40 |       12031 |   61517 | t          |     5
  40 |       12031 |   63185 | t          |     6
  41 |       38101 |   38101 | t          |     0
  41 |       38101 |   39783 | t          |     1
  41 |       38101 |   48548 | t          |     2
  41 |       38101 |   54915 | f          |     0
  41 |       38101 |   58755 | t          |     3
  41 |       38101 |   64104 | f          |     0
  41 |       38101 |   64105 | f          |     0
  42 |       23755 |   23755 | t          |     0
  42 |       23755 |   30347 | f          |     0
  42 |       23755 |   31722 | t          |     1
  42 |       23755 |   34577 | t          |     2
  42 |       23755 |   35946 | f          |     0
  42 |       23755 |   36923 | f          |     0
  42 |       23755 |   38198 | f          |     1
  42 |       23755 |   39701 | t          |     3
  42 |       23755 |   41491 | t          |     4
  43 |       28999 |   28999 | t          |     0
  43 |       28999 |   31553 | f          |     0
  44 |       20507 |   20507 | t          |     0
  44 |       20507 |   20767 | f          |     0
  44 |       20507 |   30503 | t          |     1
  44 |       20507 |   30885 | f          |     1
  45 |       31478 |   31478 | t          |     0
  45 |       31478 |   32867 | t          |     1
  45 |       31478 |   33071 | f          |     0
  45 |       31478 |   34944 | f          |     0
  45 |       31478 |   38003 | t          |     2
  45 |       31478 |   42250 | f          |     0
  45 |       31478 |   50330 | t          |     3
  45 |       31478 |   54898 | t          |     4
  45 |       31478 |   62883 | f          |     1
  46 |       31859 |   31859 | t          |     0
  46 |       31859 |   32561 | f          |     0
  47 |       31163 |   31163 | t          |     0
  47 |       31163 |   32410 | f          |     0
  47 |       31163 |   33069 | f          |     1
  48 |       14813 |   14813 | t          |     0
  48 |       14813 |   18753 | f          |     0
  48 |       14813 |   23847 | t          |     1
  48 |       14813 |   33161 | f          |     1
  48 |       14813 |   39547 | t          |     2
  48 |       14813 |   46431 | f          |     2
  49 |       61211 |   61211 | t          |     0
  49 |       61211 |   63789 | t          |     1
  50 |       50315 |   50315 | t          |     0
  50 |       50315 |   53911 | t          |     1
  51 |       40496 |   40496 | t          |     0
  51 |       40496 |   48417 | t          |     1
  51 |       40496 |   48418 | t          |     2
  52 |       49596 |   49596 | t          |     0
  52 |       49596 |   54865 | t          |     1
  52 |       49596 |   54866 | f          |     0
  52 |       49596 |   62589 | t          |     2
  53 |       55016 |   55016 | t          |     0
  53 |       55016 |   55591 | f          |     0
  54 |       42897 |   14753 | f          |     0
  54 |       42897 |   42897 | t          |     0
  54 |       42897 |   54856 | f          |     0
  55 |       48316 |   48316 | t          |     0
  55 |       48316 |   54595 | t          |     1
  55 |       48316 |   57584 | t          |     2
  56 |       46569 |   46569 | t          |     0
  56 |       46569 |   55825 | t          |     1
  57 |       50416 |   50416 | t          |     0
  57 |       50416 |   60548 | t          |     1
  58 |       57334 |   57334 | t          |     0
  58 |       57334 |   60543 | t          |     1
  58 |       57334 |   62516 | t          |     2
  59 |       52991 |   52991 | t          |     0
  59 |       52991 |   56885 | f          |     0
  59 |       52991 |   59978 | t          |     1
  59 |       52991 |   63816 | t          |     2
  60 |       56009 |   56009 | t          |     0
  60 |       56009 |   63820 | t          |     1
  61 |       37999 |   37999 | t          |     0
  61 |       37999 |   40591 | t          |     1
  61 |       37999 |   43608 | t          |     2
  61 |       37999 |   43609 | f          |     0
  61 |       37999 |   50325 | f          |     0
  61 |       37999 |   52198 | t          |     3
  61 |       37999 |   61903 | t          |     4
  61 |       37999 |   63212 | t          |     5
  62 |       26243 |   26243 | t          |     0
  62 |       26243 |   28927 | t          |     1
  62 |       26243 |   31378 | f          |     0
  62 |       26243 |   31756 | f          |     0
  63 |       50384 |   50384 | t          |     0
  63 |       50384 |   54883 | t          |     1
  64 |       34933 |   34933 | t          |     0
  64 |       34933 |   37086 | t          |     1
  64 |       34933 |   38939 | f          |     0
  64 |       34933 |   50339 | f          |     0
  65 |       42249 |   42249 | t          |     0
  65 |       42249 |   50608 | t          |     1
  65 |       42249 |   54918 | t          |     2
  65 |       42249 |   59088 | t          |     3
  66 |       47790 |   47790 | t          |     0
  66 |       47790 |   56732 | t          |     1
  67 |       51105 |   51105 | t          |     0
  67 |       51105 |   56063 | t          |     1
  67 |       51105 |   59562 | f          |     0
  68 |       52701 |   52701 | t          |     0
  68 |       52701 |   59068 | t          |     1
  69 |       52347 |   52347 | t          |     0
  69 |       52347 |   57834 | f          |     0
  69 |       52347 |   58572 | t          |     1
  69 |       52347 |   61338 | t          |     2
  70 |       51553 |   51553 | t          |     0
  70 |       51553 |   64516 | t          |     1
  71 |       30015 |   30015 | t          |     0
  71 |       30015 |   35466 | f          |     0
  71 |       30015 |   37921 | f          |     1
  72 |       38691 |   38691 | t          |     0
  72 |       38691 |   40852 | t          |     1
  72 |       38691 |   43555 | f          |     0
  72 |       38691 |   48549 | t          |     3
  72 |       38691 |   50612 | t          |     2
  72 |       38691 |   55644 | t          |     4
  72 |       38691 |   57592 | t          |     5
  72 |       38691 |   61322 | t          |     6
  72 |       38691 |   62568 | t          |     7
  73 |       61633 |   53447 | f          |     2
  73 |       61633 |   61633 | t          |     0
  73 |       61633 |   61719 | f          |     1
  73 |       61633 |   62576 | f          |     0
  74 |       23273 |   23273 | t          |     0
  74 |       23273 |   28069 | t          |     1
  75 |       49052 |   49052 | t          |     0
  75 |       49052 |   61603 | t          |     1
  76 |       28121 |   28121 | t          |     0
  76 |       28121 |   32801 | t          |     1
  76 |       28121 |   32887 | f          |     0
  76 |       28121 |   37347 | t          |     3
  76 |       28121 |   37348 | t          |     2
  76 |       28121 |   40064 | f          |     0
  76 |       28121 |   40453 | f          |     0
  76 |       28121 |   40454 | t          |     4
  76 |       28121 |   44983 | f          |     1
  76 |       28121 |   47164 | t          |     5
  76 |       28121 |   52357 | f          |     1
  76 |       28121 |   53111 | t          |     6
  76 |       28121 |   57066 | t          |     7
  76 |       28121 |   63442 | t          |     8
  77 |       40221 |   40221 | t          |     0
  77 |       40221 |   52635 | t          |     1
  77 |       40221 |   59989 | t          |     2
  78 |       38668 |   38668 | t          |     0
  78 |       38668 |   41053 | f          |     0
  78 |       38668 |   57779 | t          |     1
  78 |       38668 |   64290 | t          |     2
  79 |        2156 |    2156 | t          |     0
  79 |        2156 |    5337 | t          |     1
  79 |        2156 |    7334 | t          |     2
  79 |        2156 |   10330 | t          |     3
  80 |        6547 |    6547 | t          |     0
  80 |        6547 |    9062 | f          |     0
  80 |        6547 |   10067 | f          |     1
  81 |       34572 |   33950 | f          |     0
  81 |       34572 |   34572 | t          |     0
  81 |       34572 |   38768 | f          |     1
  81 |       34572 |   39864 | f          |     0
  81 |       34572 |   48585 | f          |     0
  81 |       34572 |   61967 | t          |     1
  82 |       11757 |   11757 | t          |     0
  82 |       11757 |   20021 | f          |     0
  82 |       11757 |   21881 | t          |     1
  82 |       11757 |   27891 | f          |     0
  82 |       11757 |   31765 | t          |     2
  82 |       11757 |   36474 | t          |     3
  82 |       11757 |   39239 | f          |     1
  82 |       11757 |   39597 | t          |     4
  82 |       11757 |   40489 | f          |     2
  82 |       11757 |   40540 | t          |     5
  82 |       11757 |   41341 | f          |     3
  82 |       11757 |   42916 | f          |     0
  82 |       11757 |   50275 | f          |     1
  82 |       11757 |   53529 | f          |     2
  83 |        2167 |    1723 | f          |     0
  83 |        2167 |    2167 | t          |     0
  83 |        2167 |    4181 | t          |     1
  84 |       22319 |   22319 | t          |     0
  84 |       22319 |   27899 | t          |     1
  84 |       22319 |   30458 | f          |     0
  84 |       22319 |   31297 | f          |     1
  84 |       22319 |   36511 | t          |     2
  84 |       22319 |   37799 | t          |     3
  85 |       38656 |   38656 | t          |     0
  85 |       38656 |   41194 | f          |     0
  86 |       28223 |   14353 | f          |     0
  86 |       28223 |   28223 | t          |     0
  87 |       19815 |   19815 | t          |     0
  87 |       19815 |   24991 | f          |     0
  87 |       19815 |   33674 | t          |     1
  88 |       40839 |   40839 | t          |     0
  88 |       40839 |   42963 | t          |     1
  88 |       40839 |   53050 | t          |     2
  88 |       40839 |   59277 | t          |     3
  88 |       40839 |   62485 | t          |     4
  88 |       40839 |   64484 | t          |     5
  89 |       43299 |   43299 | t          |     0
  89 |       43299 |   48614 | t          |     1
  90 |       35968 |   35968 | t          |     0
  90 |       35968 |   38349 | t          |     1
  91 |       28907 |   28907 | t          |     0
  91 |       28907 |   31637 | t          |     1
  91 |       28907 |   61973 | t          |     2
  92 |       37349 |   37349 | t          |     0
  92 |       37349 |   38807 | f          |     0
  92 |       37349 |   39576 | t          |     1
  92 |       37349 |   47160 | t          |     2
  93 |       20583 |   20583 | t          |     0
  93 |       20583 |   25303 | f          |     0
  93 |       20583 |   28891 | t          |     1
  93 |       20583 |   29755 | f          |     0
  93 |       20583 |   30364 | f          |     1
  93 |       20583 |   32935 | t          |     2
  93 |       20583 |   35110 | f          |     2
  93 |       20583 |   35111 | f          |     3
  93 |       20583 |   35321 | f          |     2
  93 |       20583 |   35806 | f          |     1
  93 |       20583 |   38883 | t          |     3
  93 |       20583 |   40262 | t          |     4
  93 |       20583 |   40372 | f          |     3
  93 |       20583 |   40776 | t          |     5
  93 |       20583 |   52742 | t          |     6
  93 |       20583 |   58967 | t          |     7
  93 |       20583 |   61125 | f          |     0
  94 |       15809 |   15809 | t          |     0
  94 |       15809 |   48413 | t          |     1
  94 |       15809 |   52970 | f          |     0
  94 |       15809 |   53200 | t          |     2
  94 |       15809 |   55878 | f          |     0
  95 |        8074 |    8074 | t          |     0
  95 |        8074 |    9515 | f          |     0
  96 |       12189 |   12189 | t          |     0
  96 |       12189 |   13469 | f          |     0
  97 |       52830 |   52830 | t          |     0
  97 |       52830 |   56906 | t          |     1
  97 |       52830 |   63822 | t          |     2
  98 |       54744 |   54744 | t          |     0
  98 |       54744 |   59873 | t          |     1
  99 |       52578 |   52578 | t          |     0
  99 |       52578 |   55690 | t          |     1
  99 |       52578 |   56948 | f          |     0
  99 |       52578 |   59985 | f          |     0
  99 |       52578 |   63735 | t          |     2
 100 |       57524 |   57524 | t          |     0
 100 |       57524 |   61398 | t          |     1
 101 |       35062 |   32902 | f          |     0
 101 |       35062 |   35062 | t          |     0
 101 |       35062 |   37031 | f          |     0
 101 |       35062 |   40134 | f          |     1
 101 |       35062 |   48438 | f          |     1
 101 |       35062 |   52955 | t          |     1
 101 |       35062 |   55742 | t          |     2
 102 |       52211 |   52211 | t          |     0
 102 |       52211 |   55339 | f          |     0
 102 |       52211 |   55813 | t          |     1
 102 |       52211 |   58934 | t          |     2
 103 |       58811 |   58811 | t          |     0
 103 |       58811 |   63181 | t          |     1
 104 |       58913 |   58913 | t          |     0
 104 |       58913 |   62584 | t          |     1
 105 |        5081 |    5081 | t          |     0
 105 |        5081 |    6948 | f          |     0
 105 |        5081 |    9260 | t          |     7
 105 |        5081 |   11597 | t          |     1
 105 |        5081 |   15689 | t          |     2
 105 |        5081 |   17074 | t          |     3
 105 |        5081 |   21855 | t          |     4
 105 |        5081 |   28025 | t          |     5
 105 |        5081 |   31181 | t          |     6
 105 |        5081 |   31757 | t          |     9
 105 |        5081 |   31758 | t          |    10
 105 |        5081 |   32268 | t          |     8
 105 |        5081 |   35247 | t          |    11
 105 |        5081 |   36796 | f          |     1
 105 |        5081 |   36999 | t          |    12
 105 |        5081 |   37139 | f          |     1
 105 |        5081 |   38971 | f          |     0
 105 |        5081 |   51068 | f          |     2
 105 |        5081 |   56609 | f          |     0
 105 |        5081 |   57864 | t          |    13
 106 |       29803 |   29803 | t          |     0
 106 |       29803 |   31138 | f          |     0
 106 |       29803 |   33372 | f          |     0
 106 |       29803 |   34161 | f          |     0
 106 |       29803 |   34428 | f          |     1
 106 |       29803 |   35073 | t          |     1
 106 |       29803 |   37087 | f          |     1
 106 |       29803 |   37264 | f          |     0
 106 |       29803 |   37675 | t          |     2
 106 |       29803 |   37781 | f          |     2
 106 |       29803 |   38693 | f          |     3
 106 |       29803 |   48895 | t          |     3
 106 |       29803 |   48896 | f          |     2
 106 |       29803 |   48897 | f          |     4
 107 |       30240 |   30240 | t          |     0
 107 |       30240 |   32485 | t          |     1
 108 |       49891 |   49891 | t          |     0
 108 |       49891 |   53913 | t          |     1
 109 |       50265 |   50265 | t          |     0
 109 |       50265 |   50602 | t          |     1
 109 |       50265 |   53887 | t          |     2
 109 |       50265 |   53888 | f          |     0
 109 |       50265 |   59027 | t          |     3
 110 |       35790 |   35790 | t          |     0
 110 |       35790 |   40356 | t          |     1
 110 |       35790 |   40357 | t          |     2
 110 |       35790 |   57907 | t          |     3
 110 |       35790 |   62564 | t          |     4
 111 |        4224 |    4224 | t          |     0
 111 |        4224 |    6127 | f          |     0
 111 |        4224 |   11553 | f          |     2
 111 |        4224 |   23701 | f          |     0
 111 |        4224 |   51200 | f          |     1
 112 |       43523 |   43523 | t          |     0
 112 |       43523 |   49889 | t          |     1
 112 |       43523 |   59139 | t          |     2
 113 |       48580 |   48580 | t          |     0
 113 |       48580 |   49114 | t          |     1
 113 |       48580 |   50768 | f          |     0
 113 |       48580 |   50770 | f          |     0
 114 |       58059 |   58059 | t          |     0
 114 |       58059 |   59983 | t          |     1
 114 |       58059 |   63857 | f          |     0
 114 |       58059 |   64500 | t          |     2
 115 |       34822 |   34822 | t          |     0
 115 |       34822 |   35602 | f          |     0
 115 |       34822 |   36539 | f          |     0
 116 |       52741 |   52741 | t          |     0
 116 |       52741 |   59435 | t          |     1
 116 |       52741 |   63177 | t          |     2
 117 |       41094 |   41094 | t          |     0
 117 |       41094 |   44069 | t          |     1
 117 |       41094 |   50404 | t          |     2
 117 |       41094 |   53450 | t          |     3
 117 |       41094 |   60560 | t          |     4
 118 |       37779 |   37779 | t          |     0
 118 |       37779 |   39617 | t          |     1
 118 |       37779 |   47616 | f          |     0
 119 |       35507 |   35507 | t          |     0
 119 |       35507 |   51096 | t          |     1
 119 |       35507 |   51180 | t          |     2
 119 |       35507 |   59708 | t          |     3
 119 |       35507 |   64463 | t          |     4
 120 |       31245 |   31245 | t          |     0
 120 |       31245 |   33036 | t          |     1
 120 |       31245 |   36305 | f          |     0
 121 |       32998 |   32998 | t          |     0
 121 |       32998 |   33964 | f          |     0
 121 |       32998 |   34777 | f          |     1
 121 |       32998 |   36756 | f          |     0
 122 |       22199 |   22199 | t          |     0
 122 |       22199 |   26449 | f          |     0
 123 |       11111 |   11111 | t          |     0
 123 |       11111 |   11701 | t          |     1
 124 |       40904 |   40904 | t          |     0
 124 |       40904 |   49550 | f          |     0
 125 |       44406 |   44406 | t          |     0
 125 |       44406 |   51898 | t          |     1
 125 |       44406 |   60597 | t          |     2
 126 |        6702 |     246 | f          |     0
 126 |        6702 |    6702 | t          |     0
 126 |        6702 |    9982 | f          |     0
 126 |        6702 |   12049 | f          |     0
 126 |        6702 |   17535 | f          |     0
 126 |        6702 |   18393 | f          |     1
 126 |        6702 |   22043 | t          |     1
 126 |        6702 |   30778 | f          |     1
 127 |       40052 |   40052 | t          |     0
 127 |       40052 |   57184 | t          |     1
 128 |       39468 |   39468 | t          |     0
 128 |       39468 |   40815 | t          |     1
 128 |       39468 |   40841 | f          |     0
 128 |       39468 |   42429 | t          |     2
 128 |       39468 |   51616 | f          |     0
 128 |       39468 |   57466 | t          |     3
 129 |        5231 |    5231 | t          |     0
 129 |        5231 |    7081 | f          |     0
 129 |        5231 |    9032 | f          |     0
 129 |        5231 |   10507 | t          |     1
 129 |        5231 |   10999 | f          |     1
 129 |        5231 |   12585 | f          |     0
 129 |        5231 |   12651 | f          |     1
 129 |        5231 |   13261 | t          |     2
 129 |        5231 |   15785 | f          |     2
 129 |        5231 |   17917 | f          |     2
 129 |        5231 |   18097 | t          |     3
 129 |        5231 |   33733 | f          |     3
 129 |        5231 |   33957 | f          |     0
 129 |        5231 |   34178 | f          |     0
 129 |        5231 |   37814 | f          |     1
 129 |        5231 |   38235 | f          |     4
 129 |        5231 |   59709 | f          |     3
 130 |       53516 |   53516 | t          |     0
 130 |       53516 |   59095 | t          |     1
 131 |       54900 |   54900 | t          |     0
 131 |       54900 |   59160 | t          |     1
 132 |       30831 |   30831 | t          |     0
 132 |       30831 |   32380 | f          |     0
 132 |       30831 |   32937 | t          |     1
 132 |       30831 |   34626 | f          |     1
 132 |       30831 |   38040 | t          |     2
 132 |       30831 |   49458 | t          |     3
 132 |       30831 |   51958 | f          |     0
 132 |       30831 |   59833 | f          |     2
 133 |       14513 |   14513 | t          |     0
 133 |       14513 |   18115 | t          |     1
 133 |       14513 |   22097 | f          |     0
 133 |       14513 |   31741 | t          |     2
 134 |       50709 |   50709 | t          |     0
 134 |       50709 |   59369 | f          |     0
 135 |       44408 |   44408 | t          |     0
 135 |       44408 |   52890 | t          |     1
 135 |       44408 |   59662 | t          |     2
 135 |       44408 |   63235 | t          |     3
 136 |       52299 |   52299 | t          |     0
 136 |       52299 |   58224 | f          |     0
 136 |       52299 |   58567 | t          |     1
 136 |       52299 |   59841 | f          |     0
 136 |       52299 |   64546 | t          |     2
 137 |       54449 |   54449 | t          |     0
 137 |       54449 |   58484 | t          |     1
 138 |       54846 |   54846 | t          |     0
 138 |       54846 |   58143 | f          |     0
 138 |       54846 |   64535 | t          |     1
 139 |       16592 |   16592 | t          |     0
 139 |       16592 |   32189 | t          |     1
 139 |       16592 |   33028 | t          |     2
 139 |       16592 |   34103 | t          |     3
 139 |       16592 |   34152 | t          |     4
 140 |       52505 |   52505 | t          |     0
 140 |       52505 |   62865 | t          |     1
 141 |       54112 |   54112 | t          |     0
 141 |       54112 |   56605 | f          |     0
 142 |       37450 |   37450 | t          |     0
 142 |       37450 |   38329 | t          |     1
 142 |       37450 |   53129 | t          |     2
 142 |       37450 |   54870 | t          |     3
 142 |       37450 |   57433 | t          |     4
 142 |       37450 |   62582 | t          |     5
 143 |         223 |     223 | t          |     0
 143 |         223 |     225 | t          |     2
 143 |         223 |     502 | f          |     0
 143 |         223 |     813 | t          |     1
 143 |         223 |     891 | f          |     1
 143 |         223 |     892 | f          |     2
 143 |         223 |     893 | f          |    16
 143 |         223 |     894 | f          |     3
 143 |         223 |     895 | f          |     4
 143 |         223 |     896 | f          |     5
 143 |         223 |     897 | f          |     6
 143 |         223 |     898 | f          |     7
 143 |         223 |     899 | f          |     8
 143 |         223 |     900 | f          |     9
 143 |         223 |     901 | f          |    10
 143 |         223 |     902 | f          |    11
 143 |         223 |     903 | f          |    12
 143 |         223 |     904 | f          |    13
 143 |         223 |     905 | f          |    14
 143 |         223 |     906 | f          |    15
 143 |         223 |     984 | f          |     1
 143 |         223 |     985 | f          |     1
 143 |         223 |     986 | f          |     0
 143 |         223 |     987 | t          |     3
 143 |         223 |    2520 | f          |     0
 143 |         223 |    5152 | f          |     1
 143 |         223 |    6033 | t          |     4
 143 |         223 |    6714 | f          |     0
 143 |         223 |   10017 | f          |     2
 143 |         223 |   11359 | t          |     5
 143 |         223 |   12231 | f          |     2
 143 |         223 |   14837 | f          |    17
 143 |         223 |   22699 | f          |     2
 143 |         223 |   22777 | t          |     6
 143 |         223 |   25389 | f          |    18
 143 |         223 |   30694 | f          |     0
 143 |         223 |   36946 | f          |    19
 143 |         223 |   37885 | f          |     0
 143 |         223 |   48903 | f          |    20
 143 |         223 |   56141 | f          |     3
 143 |         223 |   56894 | f          |     1
 143 |         223 |   63367 | f          |     2
 143 |         223 |   63368 | f          |     4
 144 |       48736 |   48736 | t          |     0
 144 |       48736 |   53065 | t          |     1
 145 |       38680 |     120 | f          |     0
 145 |       38680 |   38680 | t          |     0
 145 |       38680 |   40417 | t          |     1
 145 |       38680 |   42938 | t          |     2
 145 |       38680 |   49310 | f          |     0
 146 |       60146 |   60146 | t          |     0
 146 |       60146 |   61831 | t          |     1
 147 |       13429 |   12477 | f          |     0
 147 |       13429 |   13429 | t          |     0
 148 |           1 |       1 | t          |     0
 148 |           1 |       5 | f          |     0
 148 |           1 |    4037 | f          |     0
 148 |           1 |   17205 | f          |     0
 149 |       47917 |   47917 | t          |     0
 149 |       47917 |   55357 | f          |     0
 149 |       47917 |   59806 | f          |     0
 149 |       47917 |   61006 | t          |     1
 150 |       35249 |   35249 | t          |     0
 150 |       35249 |   37916 | f          |     0
 150 |       35249 |   38835 | f          |     0
 150 |       35249 |   42941 | t          |     1
 150 |       35249 |   51225 | f          |     1
 150 |       35249 |   51761 | f          |     1
 150 |       35249 |   51772 | f          |     0
 150 |       35249 |   53526 | t          |     2
 150 |       35249 |   57647 | f          |     1
 150 |       35249 |   58517 | f          |     0
 150 |       35249 |   59636 | f          |     1
 150 |       35249 |   61579 | f          |     2
 150 |       35249 |   61930 | f          |     2
 151 |       37521 |   37521 | t          |     0
 151 |       37521 |   49387 | t          |     1
 151 |       37521 |   54463 | f          |     0
 151 |       37521 |   55272 | f          |     1
 152 |       32182 |   32182 | t          |     0
 152 |       32182 |   36616 | f          |     1
 152 |       32182 |   37504 | f          |     0
 152 |       32182 |   37510 | t          |     1
 152 |       32182 |   39651 | f          |     0
 152 |       32182 |   50172 | t          |     2
 153 |       49818 |   49818 | t          |     0
 153 |       49818 |   62276 | f          |     1
 153 |       49818 |   62286 | f          |     0
 153 |       49818 |   63632 | t          |     1
 154 |       61128 |   61128 | t          |     0
 154 |       61128 |   63778 | t          |     1
 155 |       18679 |   18679 | t          |     0
 155 |       18679 |   21659 | f          |     0
 156 |       31646 |   31646 | t          |     0
 156 |       31646 |   34647 | f          |     0
 156 |       31646 |   35180 | t          |     1
 156 |       31646 |   38154 | f          |     0
 157 |          19 |      19 | t          |     0
 157 |          19 |    1109 | f          |     0
 157 |          19 |   39332 | f          |     1
 158 |          30 |      30 | t          |     0
 158 |          30 |      31 | f          |     0
 158 |          30 |      32 | t          |     1
 158 |          30 |    2759 | f          |     1
 158 |          30 |    3784 | f          |     2
 158 |          30 |    3785 | f          |     3
 158 |          30 |    3786 | f          |     4
 158 |          30 |    4130 | f          |     0
 159 |        1535 |    1535 | t          |     0
 159 |        1535 |    2994 | f          |     0
 160 |        1575 |    1575 | t          |     0
 160 |        1575 |    1953 | f          |     0
 160 |        1575 |    2124 | f          |     0
 160 |        1575 |    2904 | t          |     1
 160 |        1575 |    4596 | f          |     0
 160 |        1575 |    5163 | f          |     2
 160 |        1575 |    6768 | f          |     1
 160 |        1575 |    8728 | f          |     4
 160 |        1575 |    9591 | f          |     3
 160 |        1575 |   12685 | f          |     2
 160 |        1575 |   18881 | f          |     5
 160 |        1575 |   33155 | f          |     6
 160 |        1575 |   33156 | f          |     7
 160 |        1575 |   34437 | f          |     3
 160 |        1575 |   34438 | f          |     0
 160 |        1575 |   34439 | f          |     1
 160 |        1575 |   34440 | f          |     2
 160 |        1575 |   40315 | f          |    10
 160 |        1575 |   40334 | f          |     8
 160 |        1575 |   40836 | f          |     9
 160 |        1575 |   41075 | f          |     1
 160 |        1575 |   56835 | f          |     0
 161 |         121 |     121 | t          |     0
 161 |         121 |     430 | t          |     1
 161 |         121 |     664 | f          |     0
 161 |         121 |     908 | f          |     0
 161 |         121 |    5114 | f          |     0
 161 |         121 |    6421 | f          |     1
 161 |         121 |    7902 | f          |     2
 161 |         121 |    9135 | f          |     0
 162 |        9989 |    9989 | t          |     0
 162 |        9989 |   15039 | t          |     1
 162 |        9989 |   38963 | f          |     0
 163 |       42310 |   42310 | t          |     0
 163 |       42310 |   61990 | t          |     1
 164 |       52588 |   52588 | t          |     0
 164 |       52588 |   59177 | t          |     1
 164 |       52588 |   59489 | f          |     0
 164 |       52588 |   59490 | f          |     0
 164 |       52588 |   63136 | t          |     2
 164 |       52588 |   63138 | f          |     0
 165 |       59062 |   59062 | t          |     0
 165 |       59062 |   63147 | t          |     1
 166 |       40748 |   40748 | t          |     0
 166 |       40748 |   48561 | t          |     1
 166 |       40748 |   51009 | t          |     2
 166 |       40748 |   56243 | f          |     0
 166 |       40748 |   57658 | t          |     3
 166 |       40748 |   59654 | f          |     0
 166 |       40748 |   62392 | f          |     1
 166 |       40748 |   63824 | t          |     4
 167 |       33352 |   33352 | t          |     0
 167 |       33352 |   37095 | f          |     0
 167 |       33352 |   37987 | t          |     1
 167 |       33352 |   39741 | f          |     0
 167 |       33352 |   53672 | f          |     1
 168 |        2251 |    2251 | t          |     0
 168 |        2251 |    3901 | f          |     0
 169 |       24833 |   19759 | f          |     0
 169 |       24833 |   24833 | t          |     0
 169 |       24833 |   28405 | f          |     1
 169 |       24833 |   30654 | t          |     1
 169 |       24833 |   32863 | f          |     0
 169 |       24833 |   33513 | f          |     0
 169 |       24833 |   62421 | f          |     1
 170 |        2747 |     971 | f          |     1
 170 |        2747 |    2747 | t          |     0
 170 |        2747 |    3044 | f          |     0
 170 |        2747 |   10342 | f          |     0
 170 |        2747 |   17959 | f          |     2
 170 |        2747 |   17961 | f          |     1
 170 |        2747 |   17963 | f          |     3
 170 |        2747 |   35737 | f          |     0
 170 |        2747 |   40367 | f          |     2
 170 |        2747 |   40377 | f          |     0
 171 |        8857 |    8857 | t          |     0
 171 |        8857 |   10165 | t          |     1
 171 |        8857 |   10807 | f          |     0
 172 |        5760 |    5760 | t          |     0
 172 |        5760 |   11471 | f          |     0
 172 |        5760 |   37520 | f          |     0
 173 |       13601 |   13601 | t          |     0
 173 |       13601 |   21339 | t          |     2
 173 |       13601 |   23281 | t          |     1
 173 |       13601 |   37440 | t          |     3
 173 |       13601 |   37441 | t          |     4
 173 |       13601 |   37442 | t          |     5
 173 |       13601 |   39491 | t          |     6
 173 |       13601 |   52747 | t          |     7
 174 |       40730 |   40730 | t          |     0
 174 |       40730 |   44070 | t          |     1
 174 |       40730 |   50399 | t          |     2
 174 |       40730 |   60988 | f          |     0
 175 |       41457 |   41457 | t          |     0
 175 |       41457 |   48569 | t          |     1
 175 |       41457 |   49235 | f          |     0
 175 |       41457 |   50475 | f          |     1
 176 |       46095 |   46095 | t          |     0
 176 |       46095 |   49241 | f          |     0
 177 |       46102 |   46102 | t          |     0
 177 |       46102 |   50653 | f          |     0
 177 |       46102 |   53642 | f          |     0
 178 |       54492 |   54492 | t          |     0
 178 |       54492 |   58514 | t          |     1
 178 |       54492 |   61987 | t          |     2
 178 |       54492 |   62841 | t          |     3
 178 |       54492 |   62844 | f          |     0
 179 |       60852 |   60852 | t          |     0
 179 |       60852 |   64534 | t          |     1
 180 |       62391 |   62391 | t          |     0
 180 |       62391 |   64495 | t          |     1
 181 |         136 |     136 | t          |     0
 181 |         136 |     137 | t          |     1
 181 |         136 |     138 | t          |     2
 181 |         136 |     139 | t          |     3
 181 |         136 |   10189 | f          |     0
 181 |         136 |   11061 | f          |     0
 181 |         136 |   13271 | f          |     0
 181 |         136 |   19951 | f          |     1
 182 |       59517 |   59517 | t          |     0
 182 |       59517 |   62484 | t          |     1
 183 |       57969 |   57969 | t          |     0
 183 |       57969 |   63046 | f          |     0
 184 |       60489 |   60489 | t          |     0
 184 |       60489 |   64266 | f          |     0
 185 |       41025 |   41025 | t          |     0
 185 |       41025 |   49287 | f          |     0
 185 |       41025 |   49709 | t          |     1
 185 |       41025 |   54703 | t          |     2
 186 |       34279 |   34279 | t          |     0
 186 |       34279 |   37505 | f          |     0
 187 |       62601 |   62601 | t          |     0
 187 |       62601 |   64524 | t          |     1
 188 |       14719 |     665 | f          |     1
 188 |       14719 |     666 | f          |     0
 188 |       14719 |    3603 | f          |     0
 188 |       14719 |   14719 | t          |     0
 188 |       14719 |   20899 | t          |     1
 188 |       14719 |   26055 | t          |     2
 188 |       14719 |   31933 | t          |     3
 188 |       14719 |   33191 | f          |     2
 188 |       14719 |   37991 | t          |     4
 188 |       14719 |   38972 | f          |     0
 188 |       14719 |   41306 | f          |     0
 189 |       32013 |   32013 | t          |     0
 189 |       32013 |   33949 | f          |     0
 190 |       31630 |   31630 | t          |     0
 190 |       31630 |   37490 | t          |     1
 191 |       40586 |   40586 | t          |     0
 191 |       40586 |   50738 | t          |     1
 192 |       34009 |   34009 | t          |     0
 192 |       34009 |   35044 | t          |     1
(1085 rows)

